Los datos fueron extraídos de la página web: ResultadoLoteríaNacional.com

01 02 03 04 05 06 07 08 09 10 11 12
EN FE AR AB AY UN UL AG SE OC NO DI
Faltan: 2.015 10_OC 13 15 16 17 12_DI 7 8 23 24 2.016 1_EN 9 20 27 30 09
2_FE 3 12 13 15 17 23 24 25 27 3_AR 1 12 22 28 29 4_AB 2 9 5_AY 14 6_UN 11 20 25

--------   1   2   3   4   5   6   7   8   9  10  11  12  13  14  15  16  17  18  19  20 repetidos y reemplazos
30 AGLQ 18164117470399568952758849729890460619504996236482920720144704676828461401800918 [] []							09/2.015 septiembre
01 CKMS 93960299473915822138232820207939007029487998708398699549230960798649858753548183 [39,49,83] [37,47,76]					10 octubre
02 IQPW 19061369021947710536924891435876128780730582222168677751546476760778987576574843 [43,76] [18,70]
03 UCDJ 55787531197523226737859293708858279407037555987003759518631275959771164212457883 [70,75] [30,40]
05 GGMV 17044401712933673223904809478346671935688662669936178962674430932086969539473372 [47,62] [57,83]
06 EIVZ 93560817745737265758760329718003543170012859545336400950846154606007981835322678 [3] []
07 QRRY 31949127258426504918611660845575663852800975084638180635878594150790640142298782 [18,75,84] []
08 EIFL 77521325892082405185536376736474827097283993766161198046586856649129773290766531 [] []
09 ODJN 91285297111469134865974600245869631701307323510587070114062530252632479546987796 [14,25] []
10 EKLR 21525802008040947199590664725731584222936791283500999729866358592199217214937182 [72,93,{"salió":99,"veces":3}] [36,43,50,70]
12 IHKQ 29614084605114675869133566048924844943539609514959234416491676227762756374647238 [16,49] [0,99]
14 HKRZ 58434356687869512330283361626324235407508263768111696839322194339402581457042438 [33] [3]
19 FPXZ 78760553745144149200650340484506979473024994815408093756653936268250844516065259 [6,94] [35,78]
20 UKNZ 71162843987889856021223720197796180167431676746196738726649993232443105428652187 [{"salió":43,"veces":3}] [58,75]
21 OLTT 41428903852185471945279594202107427110032889362221634124498222325018780141829936 [3,82] [9,12]
22 NSXY 58458035802197435135213881730060543018118102507176871894884455325051735054998259 [35] [97]
23 EUGM 17973948873721176244570840986048809199111814526837979555714172830001590116622581 [1,48,97] [5,52,60]
24 CLTW 66664563617742254729930376465180593517297229595350814326106651705016148522765709 [{"salió":29,"veces":3},66] [48,62,74]
26 IBJS 49731522815154686373181766254338932880342463264313304626965993502693443474566857 [34,73] [27,70]
27 GMRX 22665512709345800907663392492574017003232787529772445887100152203986403012557232 [87] [36]
28 IIPT 38122447767879639511525850925713235229440019747593797322194440762050834007930840 [40,44] [5,53]
29 FGSZ 59758371841755257736873554391594849606780894587779645969337455072544625076049129 [94] [5]
30 DLNR 18261182481844638027610656378254675665241994537943099847608697774576113395393539 [39] [83]
31 ELNP 15227483436549971181150324991678614902043836139502275316728154780229025571947386 [78,81] [52,77]
02 BLRX 27487871713490202581902907788837758633389992253223971442617447218509163469586233 [34] [67]								11 noviembre
03 EJPX 56195270842616573832787942731969551038703316221875926303647814773158516117752433 [70] [63]
04 EGNP 91282634897351720701894973831679238018351639545215331327943355122864395228648889 [33,52,64] [5,40,76]
05 IOFG 46242583018236991277518111101128228760825572262187001194652097562121081710128618 [21,82] [51,61]
06 EFNZ 72968636907269465357573633101416105247537111535007463733234873296869642436493805 [36,46] [15,18]
07 OFFZ 05942148119672736792506822719939545722743420423001813937253973835995319779503238 [39] [6]
09 DFQR 92364012791429222561728463600701099135830728953535207008953272292810397179920969 [] []
10 HRTY 28960974266082219080942867223269289901979524605337146491464035740793968465633920 [74] [55]
11 AIJY 71485000306865873815187947622496298789755942519644369511778200433780706644113450 [11,87,96] [28,31,47]
12 LQVX 50584895225464266213732680758895342408320279382822476574520643395024229325128733 [24,26,95] [3,31,42]
13 UBQY 92842070681180916246064888492847435409788287278213772656136352995608828699247802 [] []
14 OUUM 28398981952369416458743429231920999627469591972279810554431237289351121714357094 [23,81] [42,48]
16 DFGQ 64158976604490964526770584269361634470201326803490991186899644876381936660479600 [{"salió":26,"veces":3},44,96] [7,54,67,69]
17 IKQW 19797388575611681844687111829364353947716509826809460325199305732495145649796579 [56,68,71,{"salió":79,"veces":3}] [5,16,36,57,94]
18 OJLR 14640409680419096167330727263621049830644743300058643532628368355976372567829886 [9,{"salió":64,"veces":3}] [5,29,90]
19 UBNZ 85830297862277917048679804897092512291856892546543962177875802597352156974910081 [22,91,92] [27,55,93]
20 FSTW 59067407908544451649530989295946595807968098109317992083953619057081238468532387 [] []
21 UJSY 69286038934886643988382598513165755650293493411972324677911736959640900460589554 [] []
23 BKLZ 83564935667273741183980203311472137991567490797412308107277900056053108117291187 [56,72,74,79] [16,36,37,80]
24 DDVZ 34690019010159157720811302033084852416949146517698646743822388021900828940517284 [84] [7]
25 FHLR 78162879239552000149408431280096871408851945000601016784071235896397101322824092 [84] []
26 OMNT 45281431083665880171657471200624964294744629042547379536067220760131580243385257 [31,36,74] [16,19,55]
27 EIBJ 18655614204673165653874058809336687656576148803950710437038063349117533381444893 [80] [97]
28 IGHQ 22851149294058985896719658949897855513817296807018078122052986918250113288189166 [{"salió":96,"veces":3}] [13,14]
30 OLQZ 05464810900981793055151365528987008429616278651332570875381927562715916207432528 [13] [70]
01 BDQS 93083556223822679006317157428534743042000395884484213095573558922081858458745439 [95] []								12 diciembre
02 DDLT 64692148846892592053152706692318697954962391549745402912208667365949709416307187 [69] [90]
03 OUQR 92833407301419604374781190787215777311200887349915119822061396642461943781396372 [11] [88]
04 ODJQ 90747651658179476800184950513986949082212346102642883189477345559568817964293339 [51] [65]
05 LMYZ 10426954394889683111911984328698507094043294419359341946980794700534764776744211 [11,34,70] [25,57,64]
09 FVWY 77826521559752735757212952290129488661600714821403619565903445323251878152776379 [14,{"salió":29,"veces":3}] [6,9,19]
10 DLMT 20237564050683297937857068254026050972986455394113123362181628061925564489721452 [6,25] [5,74]
11 BCDH 44803352091033779694080688874729537192193918905672339669710463910614816780466791 [91] [76]
12 KNRX 79361270125230489724109262665325509691226906613806563203520890827947935478032770 [3,70] [2,74]
14 CHLS 85924099207446265988407410454642406120298936324607829222208240588081607490313109 [{"salió":74,"veces":3},82] [34,37,66]
15 IHHT 15051201140998843479855844805431174363216814719585735729452426046129941527807899 [29,80] [3,6]
16 UCHS 87382652102674279045953908506280141590759435684995711910140364089621447216970251 [] []
17 CDTW 82813447612267777643783185876855743957749257319279454482365422339982494438359195 [82] [79]
18 UFHY 14418268068800596243580496498420151466477604522260286570677680862728058075758933 [4,28] [64,99]
19 EQSY 88807848107433752975946582744370288651632831561136850761746728621603201675581943 [74,75] [49,95]
21 ECJX 44482514615109505948951859792768723986077912786622939040950267320016762827444804 [48] [86]
22 FQSY 22943520184743735353847060296239060566378158629653081048794663009687902738827152 [] []
26 OCFH 37819602639302829687228026929013235969477921793837149545209537031782296932636054 [82] [15]
28 JTWZ 77033795726989881153706920643250807543831553666987741354013210337427143012214382 [53,{"salió":69,"veces":3}] [39,65,86]
29 OURY 46353950487616770560247451105501035469200187039216570297985422940663572707460144 [54] [91]
30 ASSW 05365677615478998731275435787931307393567679714184976875869259047125477774138693 [31,54,77] [55,60,64]
31 EIGQ 29993659116054420877534398905404496617896669998399833952785172366958249529483977 [77,83] [5,24]
02 CDGK 84431706573866478052336844152598417278388313337100147337377521159649633064828458 [15,38] [59,94]					01/2.016 1 enero
04 GHNV 82260000557887232011366271065862221406822027002024207977538604132863676409789124 [20,62,78] [0,5,33,39]
05 AUFW 31734252082042112771483064600822389029332803625742516769910416644851463611134419 [51] [29]
06 CQTY 70455954923739144490994016413094794715755450830959561276474174437368547584814370 [41,75] [34,78]
07 OFRY 81173210962169324255047593049101257199476690559740671511918088431129463647740684 [] []
08 IFPP 54310861856848975395037208913008904091338813594756785652843772504025674323095726 [] []
11 INTW 60938878789822500353098706935278024107505432449638544346735775455652082743254895 [50,78,93] [59,71,81]
12 OMVW 93869896339387582943108331196593842605057009805348337068044288018843288529074763 [43,93] [16,91]
13 AWYZ 52845713698868020872133326581298056295235576272411137273614258415875866375115682 [13] [43]
14 ASVX 13586799398234196666715182793226321416126404115494320372941182774712163332984756 [12] [48]
15 DRSW 74659284842044990266813391339427338426772675758636592015519922383887613758753395 [33,75,84,99] [4,24,28,79]
16 IHWX 65230424629022681280285122810409528982236132138637098373102884850296102308819052 [9,{"salió":23,"veces":3},81] [29,76,78,79]
18 HVWW 69872726888798820444757684092899093551779969280960330266707562556419049797445279 [9,44,87] [29,88,95]
19 CFHM 71742086120613299114343684819894720105714696828455669961732082895570663920013141 [1] [5]
21 RVXY 25497191634180772213401438394666863596196344619155116131648819704156871481630605 [14,91] [2,67]
22 ICFG 51594491790757917169874528165609012456567466549303466643205107855851501684738159 [16,51,59,91] [1,14,63,97]
23 ECVY 15805573228063069602661349496660059679076814869195505004061755591830248896310063 [80] [82]
26 GJTV 69181858774858303021573731773200860471982593197828572410955230587579540745055773 [58] [2]
28 EOSW 34170298217496734420570180834233313738572453197846887379409768739442421489619873 [{"salió":73,"veces":3}] [2,3]
29 OKSZ 09569525694576787836958511905579637683262806590684122036809208390131591010376599 [6,36] [43,81]
01 IUWY 63657780306794130872844886927886073867748592729374637234059564730696831342933218 [13,92,93] [11,36,88]					2 febrero
02 RVXZ 43900752482015898389637843690304337852192359696852291771726496534175434779664055 [78,89] [22,56]
04 LSWX 72381421549354532392392892913385439195814551371740178382869256880629403213979626 [17,91,92] [7,34,65]
05 EEGY 66848774249961768644384490298657369295858208119161407016058390562700155087489556 [44,56] [33,73]
06 AIGZ 09427497615237387154510341879711492908787751138518048014271952118918489785399232 [11,97] [89,90]
08 BCNP 11144195859948017808504193320298830792118087719500682304269836401228512879872721 [28,87,95,98] [43,50,52,66]
09 GMNR 62656752475653937723030674432012243372749997033466728775220696267824931524866777 [6] [8]
10 JLSY 75337973317048502081081032176656467776781026755358707437471691173104728435695670 [17,{"salió":70,"veces":3}] [36,80,82]
11 ODPV 48739932099101381827990521873867601944195064810900516717610799328459051168649381 [19,32,64] [28,70,89]
16 EGJL 55510913493120234048062941853966922221368867546177970504240214570293003221782235 [] []
18 AEMM 28405707774622666003655204166075114549531806737660404515665562400426141521295386 [15,{"salió":40,"veces":3}] [0,27,90]
19 OBCK 45194659448532735862566283548290527472213063705178355855781004611426228088547620 [54,62] [43,52]
20 ALLV 79299595599791631726251577063122577160620331599811146304729170415159409763386615 [15,97] [17,34]
22 OCNV 79334733359682480493174951305374992056781130214658168105215770569472294443470283 [30,33] [51,89]
26 UHRZ 64619016571441794678099838639678296490687081489222993313989701569635367453776631 [78] [52]
29 ULMV 66233211681766301825015880063496669010033797095432201935893450115951683350551394 [11] [60]
02 AEMZ 86857972742349095145049326935393178551635139239576557927114316462903300324414719 [3,85,{"salió":93,"veces":3}] [11,65,82,91]3 marzo
03 OMQQ 09567583298768193524116945883940272859579048892440529528536761731804144173636731 [24,28] [65,99]
04 EDSY 74175303664190596690085199513666706185038645559282923183319979916617120835583207 [3,17,51,92] [25,56,63,84]
05 ICFJ 12291994707776959459897622865825624375197018115134282787795993456778651460983162 [59] [15]
07 FGMZ 63619976460618318683535810353350182546714987863630446634410341217878964541306742 [] []
08 EGNP 26799579156704715550979659600118124142080268305896764622620930570618127032223296 [18,22,79,96] [3,12,42,78]
09 UFHY 52759655351634801945642880791558823282360510018628763425900928873288127157719810 [10,71] [26,90]
10 OHNY 48204789953942021716315029463340274340382748532234534319421921364699649337154516 [16,19] [26,67]
11 ALMW 91264239516421369983913226113526986149789548557309886061392969887115511035033212 [26,61,88] [20,75,84]
14 APTZ 88694093745472224711793561013650003768670524625831468350175223749640590136874889 [1,50] [64,92]
15 AOOY 75468903270555519551013303969185116382810472127730194186261925894921431283634505 [5,19,51,63] [45,64,74,91]
16 PSSX 42815682707108040029461850576402165130740464433157600663310192118848825479476263 [63] [79]
17 GLMV 82375169580951901422725549275411498270376293303853325266826535766958490856174670 [37] [91]
18 OJLT 50449047010429005185539662404398010255468414397927047917045701162813405843765437 [4] [78]
19 EDLL 60567697231854565029110526470591594418469610825416424162121309004885020102856951 [56,85] [8,30]
21 ICQR 03590732346099331052926822297944431372477379622904620989634522805292712082519278 [29] [97]
23 ECJY 96558741529625098873683889981410382779238000845556463405091840678985203003995269 [55] [15]
26 OKYZ 61628541668339025948624353086214321308816609355422342840376554060525145610261468 [] []
30 HLNZ 90554281480226600823954061426052585914951932584037722512068662289484629511676362 [40,95] [36,37]
31 HVYY 14743448348845148250660752735978915034434458386316598309547055926958768116371827 [50,58] [18,53]
01 EIJZ 89167036753277966692671812939720042573025891635152310297665157999147258544967284 [51,96] [50,88]							4 abril
04 EEYZ 83810591064514889728737806887641759346184900181317945488755955376614711218733858 [{"salió":88,"veces":3}] [35,72]
05 FTXZ 52956702788074205371138986079114669866088190834106125738972426210341168872535458 [41] [93]
06 DHJQ 84769719609632946414628576065885949601556754668296451646466158472962421494613842 [14,61,85,96] [27,39,72,81]
07 UGJX 46816442162254724916621670544500562573848916659876211681585966467875578170185099 [{16,"veces":3},{81,"veces":3}] [31,36,43,55]
08 JLLS 25141592660198561213505384183160369450044999622873871232897888429164427862605150 [60,78] [45,79]
11 IQQS 99497548841550861411194757506368675715382321570753209681600886649949996520460159 [49] [74]
12 EDDH 19598222931230977217609768165396103327034171335666877292874078874280844672640487 [{"salió":87,"veces":3},97] [21,49,61]
13 CLQZ 48531302387203763818236007249197483788899777999705432684907282581232519220379654 [37,72,97] [14,62,83]
14 UDPT 65515738442638837533694104474989628833427066745463530101880143910700172799703871 [1] [72]
15 ECGV 24772522840268331590802923871149270806274737233518814790093603211799376059583872 [90] [97]
16 EIJY 94388446623917863993251854304782416425951474743827986472952150801091238004883659 [38,80] [50,56]
18 EBWX 31952284118079095961530950440731498542127032927758722178439179372264752046016834 [9] [88]
19 OFHK 56777508094846141965949505271075488596850601804128693443388235501934319450055232 [85] [24]
20 DNSV 37024682048889328314354470207449532545254397690155016854179558470034221931087586 [1,25] [33,61]
21 DHLM 28010867320916443797552929666964884208276380294097952861769316479406377195193730 [] []
22 IOJK 37514396673903085032584577173548317490649257047657752150809853404246270663034975 [75] [79]
23 UGKM 23231193864522387604161144530251384821868213632761162983595583631455516600853198 [55] [12]
25 BKRX 81884584450888222827525529279464215033121234983455986579305466373317397946204930 [27,34,79] [14,40,92]
26 ODDM 16068444946060535293604701370767673000891894631120483801474882409879713955741774 [48,74] [51,62]
27 OWZZ 56299543840055261242609237410433036797863387880619001076344921170372953895387720 [0,38] [55,57]
28 HWWX 19356105301604658614711414328170222409640592705197915107335615384848891342852783 [14] [87]
29 OSLY 64633676525266631819338490828967329433686437597579175037383702702912921614368923 [{"salió":37,"veces":3},63] [13,34,77]
30 ELVV 19339568405934299781183647129619994503223688976983272067353837967991797472066962 [] []
02 IJSY 95439750964007416215338439851907324983695181302040579650300788746333287725684645 [7,50] [1,75]								5 mayo
03 JJKZ 55687047664332307619357028486688168213368144697826595254738694983262444430087050 [44] [69]
04 ADNT 47762199335076511416246250097592826774394580073773236249835542070333801665737471 [16] [0]
05 EIVX 58695909685662592653264659500861361421089414469702068781412151062708239071622486 [6,8,14] [17,79,83]
06 EBCT 43129801360696049483590855144870163078453829658376617202700881877665903298983457 [8,83] [37,82]
07 HLPS 34333921672255987027032239572410727592955515343022710669045691722038686411949522 [{"salió":22,"veces":3}] [7,42]
09 OHPX 83660877084342832603895274928431301185186493617392433345328800374394050490995554 [43] [13]
10 AIPX 88200597041967245443040566171014170321051273469085125585678992963987477343338175 [5,73] [57,62]
11 CDQY 12232856248493293443227140954577310420873147792829567392524727957325940469347284 [4,47,56,84,95] [6,36,41,49,52]
12 QTWX 77280518609233985623288229302789107580126691567907898194505397918158690998595956 [89,91] [17,97]
13 BLWX 53982293700220100717563556979470636779032312672520605765955434915446270455932504 [4,93] [33,80]
16 IKPV 83427741911337948471816517158066551044863528859690874807133504591706157013480820 [] []
17 AFVV 88488403152390675184978454561314866808608887060080140260560214811216169856267909 [14,60,84] [6,28,61]
18 KPTX 72707461809171966821933780434224740461672848232727209820023049223245341382488391 [20,48,91] [25,52,59]
19 ADHX 92736669954109963643924199167098861607082532567765273727023997605020051668209629 [{"salió":16,"veces":3},20,27,41] [17,30,46,50,80]
20 GJRS 69150353821438096710795423407148174792046459730872290278921287104450395740041426 [4,10] [90,96]
21 EHLV 07052564466177798211035167701957175424227700001857568582211285447611874861946007 [11] [38]
23 BLMP 47750069921155800111280016142620895333955751223468148689592834588901646751752245 [11,14,75] [3,4,26]
24 AEDS 89737903631108928653833209495340836928634326704929870864058763953368964863310703 [3,49,87] [42,52,78]
26 JKPQ 16035189381834776470546548305347980341557822934204072536864977598065816457242420 [3,65] [45,75]
27 IKQZ 82846186312500019974461452610553836081360114886472800954405695982839405338832527 [14,53] [19,26]
28 AFTV 51512475206828286116507789833478353122066324662711729719639665523051523530128790 [51] [98]
30 KQRT 01060708234029454677552677614699792486325657200441636694055701922567099638510052 [57] [36]
31 BCSV 86257514367809544322038307907879250725518348125608505825874857987870157476696320 [25,48] [33,72]
01 CJKX 38130140957653773722191379237138041176687817070313315842732216045336603002545465 [13,22] [5,33,55]							6 junio
02 IBPQ 09653900026115108248388268933693939479655524598118696846090141234108998042878161 [61,65,93] [9,33,91]
03 JMNT 18745592277329235093907782542998562721797055622480539463177619196846334019279530 [27] [15]
04 KLQZ 66956460917424608168766039784064065691679853465884803660534484120364446984320217 [{"salió":60,"veces":4},64] [19,37,85,97]
06 HNRZ 74024524675240611192451799779572307549347548694723034518954965527553726901079222 [52] [4]
07 NNWW 54998028768046854517104650829015632590099227621816423675878252776014412112908153 [82] [58]
08 LNRZ 18059696303583661481546594360621448447985687496292911440317485261021583328201917 [21] [19]
09 FQSY 69326617908893084696221392773569905922629779117210149443595243941159809993028669 [59,69] [3,18,74]
10 IDXX 73489794326331096605339029489729399843373099890960792780531186149187934745128345 [9,48] [58,91]
13 ABRW 41957826823530422597674725524019409040393078274277276715660197312694421745414604 [42] [89]
14 GPSZ 55992969738676894435506163130737766742947173498659955342680506001365142851999901 [86,99] [49,83]
15 DQXZ 78474525680494844614317886312698119982126871272691222708240433119158105761433611 [4,11] [28,96]
16 EFHH 10387836134530008701709792764810358944400545082420771193505935767002343144951582 [45,76] [26,56]
17 AFLQ 84719343745932040547179603385267063212326276152369813158313884139103201830763695 [32,38,76] [7,34,91]
18 EUBZ 82480014866557320266383193239891934055201853102166263713621938166697461763781738 [] []
21 AFNP 72975828170822925107328298239433309298851764724165308583570875249605280429440532 [8,92] [13,20]
22 IGHZ 56256806412278057526819715182835804012564704412116809123289733913679197051085820 [97] [88]
23 OUHH 44353598311035373778878491443508018416237737103433964720139467196029659655499419 [19,37,84,96] [12,42,73,75]
24 IDNW 97649417884606405559217507282488661299331652653466406394821229991019284612496000 [12,40,46] [3,56,63]
27 LPRV 87321217272315365803929801755933774005653279558373235738545928858472156060696136 [23,36] [2,71]
28 CMRZ 40760465013814192211947238484955730192084526139647636311093046232804651210875940 [11] [59]
29 HMPV 37340878138839155632184906315735253532603963765491083169481126356493907994739803 [{"salió":35,"veces":3}] [50,67]
30 BFRX 17541671780706871365273136722897444156287983827014141774744754567123302917221278 [] []
01 OCRS 04702802986236197296914558658293566717030554866889652723749636446450575057729042 [50,65,96] [27,58,59]						7 julio
02 EIOH 14229167641823383773934738813525078981269167997038100636794457508182700537831401 [67] [15]
04 EKMR 56582860953562576044152900837712527570171277434712482920183492577229229104315119 [29,57] [5,62]
05 BLSV 61094067115643499022958027040730763568644238811898157322021448696076531794614549 [22,49] [12,26]
06 KLMZ 75617508216667791265150948491428440304512745484043371562431246492158495234486447 [49] [67]
07 UUFL 93335246468173725569737675896293951079507348087185174562636896404833164163567010 [10,33] [64,98]

